[-1.57]
[-1.57]
[-1.57]
[-1.57]
[-1.57]
[-1.57]
[-1.57]
[-1.57]
[-1.57]
[-1.57]
[-1.57]
[-1.57]
[-1.57]
[-1.57]
[-1.57]
[-1.57]
[-1.57]
[-1.57]
[-1.57]
[-1.57]
[-1.57]
[-1.57]
[-1.57]
[-1.57]
[-1.57]
[-1.57]
[-1.57]
[-1.57]
[-1.57]
[-1.57]
[-1.57]
[-1.57]
[-1.57]
[-1.57]
[-1.57]
[-1.57]
[-1.57]
[-1.57]
[-1.57]
[-1.57]
[-1.57]
[-1.57]
[-1.57]
[-1.57]
[-1.57]
[-1.57]
[-1.57]
[-1.57]
[-1.57]
[-1.57]
[-1.57]
[-1.57]
[-1.57]
[-1.57]
[-1.57]
[-1.57]
[-1.57]
[-1.57]
[-1.57]
[-1.57]
[-1.413]
[-1.256]
[-1.099]
[-0.942]
[-0.785]
[-0.628]
[-0.471]
[-0.314]
[-0.157]
[0.]
[0.]
[0.]
[0.]
[0.]
[0.]
[0.]
[0.]
[0.]
[0.]
[0.]
[0.]
[0.]
[0.]
[0.]
[0.]
[0.]
[0.]
[0.]
[0.]
[0.]
[0.]
[0.]
[0.]
[0.]
[0.]
[0.]
[0.]
[0.]
[0.]
[0.]
[0.]
[0.]
[0.]
[0.]
[0.]
[0.]
[0.]
[0.]
[0.]
[0.]
[0.]
[0.]
[0.]
[0.]
[0.]
[0.]
[0.]
[0.]
[0.]
[0.]
[0.]
[0.]
[0.]
[0.]
[0.]
[0.]
[0.]
[0.]
[0.]
[0.]
[0.]
[0.]
[0.]
[0.]
[0.]
[0.]
[0.]
[0.]
[0.]
[0.]
[0.]
[0.]
[0.]
[0.]
[0.]
[0.]
[0.]
[0.]
[0.]
[0.]
[0.]
[0.]
[0.]
[0.]
[0.]
[0.]
[0.]
[0.]
[0.]
[0.]
[0.]
[0.]
[0.]
[0.]
[0.]
[0.]
[0.]
[0.]
[0.]
[0.]
[0.157]
[0.314]
[0.471]
[0.628]
[0.785]
[0.942]
[1.099]
[1.256]
[1.413]
[1.57]
[1.57]
[1.57]
[1.57]
[1.57]
[1.57]
[1.57]
[1.57]
[1.57]
[1.57]
[1.57]
[1.57]
[1.57]
[1.57]
[1.57]
[1.57]
[1.57]
[1.57]
[1.57]
[1.57]
[1.57]
[1.57]
[1.57]
[1.57]
[1.57]
[1.57]
[1.57]
[1.57]
[1.57]
[1.57]
[1.57]
[1.681]
[1.791]
[1.902]
[2.012]
[2.123]
[2.234]
[2.344]
[2.455]
[2.565]
[2.676]
[2.676]
[2.676]
[2.676]
[2.676]
[2.676]
[2.676]
[2.676]
[2.676]
[2.676]
[2.676]
[2.676]
[2.676]
[2.676]
[2.676]
[2.676]
[2.676]
[2.676]
[2.676]
[2.676]
[2.676]
[2.676]
[2.676]
[2.676]
[2.676]
[2.676]
[2.676]
[2.676]
[2.676]
[2.676]
[2.676]
[2.676]
[2.676]
[2.676]
[2.454]
[2.233]
[2.011]
[1.79]
[1.568]
[1.346]
[1.125]
[0.903]
[0.682]
[0.46]
[0.46]
[0.46]
[0.46]
[0.46]
[0.46]
[0.46]
[0.46]
[0.46]
[0.46]
[0.46]
[0.46]
[0.46]
[0.46]
[0.46]
[0.46]
[0.46]
[0.46]
[0.46]
[0.46]
[0.46]
[0.46]
[0.46]
[0.46]
[0.46]
[0.46]
[0.46]
[0.46]
[0.46]
[0.46]
[0.46]
[0.46]
[0.46]
[0.46]
[0.571]
[0.682]
[0.793]
[0.904]
[1.015]
[1.126]
[1.237]
[1.348]
[1.459]
[1.57]
[1.57]
[1.57]
[1.57]
[1.57]
[1.57]
[1.57]
[1.57]
[1.57]
[1.57]
[1.57]
[1.57]
[1.57]
[1.57]
[1.57]
[1.57]
[1.57]
[1.57]
[1.57]
[1.57]
[1.57]
[1.57]
[1.57]
[1.57]
[1.57]
[1.57]
[1.57]
[1.57]
[1.57]
[1.57]
[1.57]
[1.57]
[1.57]
[1.57]
[1.57]
[1.57]
[1.57]
[1.57]
[1.57]
[1.57]
[1.57]
[1.57]
[1.57]
[1.57]
[1.57]
[1.57]
[1.57]
[1.57]
[1.57]
[1.57]
[1.57]
[1.57]
[1.57]
[1.57]
[1.57]
[1.57]
[1.57]
[1.57]
[1.57]
[1.57]
[1.57]
[1.57]
[1.57]
[1.57]
[1.57]
[1.57]
[1.413]
[1.256]
[1.099]
[0.942]
[0.785]
[0.628]
[0.471]
[0.314]
[0.157]
[-0.]
[0.]
[0.]
[0.]
[0.]
[0.]
[0.]
[0.]
[0.]
[0.]
[0.]
[0.]
[0.]
[0.]
[0.]
[0.]
[0.]
[0.]
[0.]
[0.]
[0.]
[0.]
[0.]
[0.]
[0.]
[0.]
[0.]
[0.]
[0.]
[0.]
[0.]
[0.]
[0.]
[0.]
[0.]
[0.]
[0.]
[0.]
[0.]
[0.]
[0.]
[0.]
[0.]
[0.]
[0.]
[0.]
[0.]
[0.]
[0.]
[0.]
[0.]
[0.]
[0.]
[0.]
[0.]
[0.]
[0.]
[0.]
[0.]
[0.]
[0.]
[0.]
[0.]
[0.]
[0.]
[0.]
[0.]
[0.]
[0.]
[0.]
[0.]
[0.]
[0.]
[0.]
[0.]
[0.]
[0.]
[0.]
[0.]
[0.]
[0.]
[0.]
[0.]
[0.]
[0.]
[0.]
[0.]
[0.]
[0.]
[0.]
[0.]
[0.]
[0.]
[0.]
[0.]
[0.]
[0.]
[0.]
[0.]
[0.]
[0.]
[0.]
[0.]
[0.]
[0.]
[0.]
[0.]
[0.]
[0.]
[0.]
[0.]
[-0.157]
[-0.314]
[-0.471]
[-0.628]
[-0.785]
[-0.942]
[-1.099]
[-1.256]
[-1.413]
[-1.57]
[-1.57]
[-1.57]
[-1.57]
[-1.57]
[-1.57]
[-1.57]
[-1.57]
[-1.57]
[-1.57]
[-1.57]
[-1.57]
[-1.57]
[-1.57]
[-1.57]
[-1.57]
[-1.57]
[-1.57]
[-1.57]
[-1.57]
[-1.57]
[-1.57]
[-1.57]
[-1.57]
[-1.57]
[-1.57]
[-1.57]
[-1.57]
[-1.57]
[-1.57]
[-1.57]
[-1.57]
[-1.57]
[-1.57]
[-1.57]
[-1.57]
[-1.57]
[-1.57]
[-1.57]
[-1.57]
[-1.57]
[-1.608]
[-1.646]
[-1.684]
[-1.722]
[-1.76]
[-1.798]
[-1.836]
[-1.874]
[-1.912]
[-1.95]
[-1.95]
[-1.95]
[-1.95]
[-1.95]
[-1.95]
[-1.95]
[-1.95]
[-1.95]
[-1.95]
[-1.95]
[-1.95]
[-1.95]
[-1.95]
[-1.95]
[-1.95]
[-1.95]
[-1.95]
[-1.95]
[-1.95]
[-1.95]
[-1.95]
[-1.95]
[-1.95]
[-1.95]
[-1.95]
[-1.95]
[-1.95]
[-1.95]
[-1.95]
[-1.95]
[-1.95]
[-1.95]
[-1.95]
[-1.95]
[-1.95]
[-1.95]
[-1.95]
[-1.95]
[-1.95]
[-1.95]
[-1.95]
[-1.95]
[-1.95]
[-1.95]
[-1.95]
[-1.95]
[-1.95]
[-1.95]
[-1.95]
[-1.95]
[-1.95]
[-1.95]
[-1.95]
[-1.912]
[-1.874]
[-1.836]
[-1.798]
[-1.76]
[-1.722]
[-1.684]
[-1.646]
[-1.608]
[-1.57]
[-1.57]
[-1.57]
[-1.57]
[-1.57]
[-1.57]
[-1.57]
[-1.57]
[-1.57]
[-1.57]
[-1.57]
[-1.57]
[-1.57]
[-1.57]
[-1.57]
[-1.57]
[-1.57]
[-1.57]
[-1.57]
[-1.57]
[-1.57]
[-1.57]
[-1.57]
[-1.57]
[-1.57]
[-1.57]
[-1.57]
[-1.57]
[-1.57]
[-1.57]
[-1.57]
[-1.57]
[-1.57]
[-1.57]
[-1.57]
[-1.57]
[-1.413]
[-1.256]
[-1.099]
[-0.942]
[-0.785]
[-0.628]
[-0.471]
[-0.314]
[-0.157]
[0.]
[0.]
[0.]
[0.]
[0.]
[0.]
[0.]
[0.]
[0.]
[0.]
[0.]
[0.]
[0.]
[0.]
[0.]
[0.]
[0.]
[0.]
[0.]
[0.]
[0.]
[0.]
[0.]
[0.]
[0.]
[0.]
[0.]
[0.]
[0.]
[0.]
[0.]
[0.]
[0.]
[0.]
[0.]
[0.]
[0.]
[0.]
[0.]
[0.]
[0.]
[0.]
[0.]
[0.]
[0.]
[0.]
[0.]
[0.]
[0.]
[0.]
[0.]
[0.]
[0.]
[0.]
[0.]
[0.]
[0.]
[0.]
[0.]
[0.]
[0.]
[0.]
[0.]
[0.]
[0.]
[0.]
[0.]
[0.]
[0.]
[0.]
[0.]
[0.]
[0.]
[0.]
[0.]
[0.]
[0.]
[0.]
[0.]
[0.]
[0.]
[0.]
[0.]
[0.]
[0.]
[0.]
[0.]
[0.]
[0.]
[0.]
[0.]
[0.]
[0.]
[0.]
[0.]
[0.]
[0.]
[0.]
[0.]
[0.]
[0.]
[0.]
[0.]
[0.]
[0.]
[0.]
[0.]
[0.]
[0.]
[0.]
[0.]
[0.]
[0.]
[0.]
[0.]
[0.]
[0.]
[0.]
[0.]
[0.]
[0.]
[0.157]
[0.314]
[0.471]
[0.628]
[0.785]
[0.942]
[1.099]
[1.256]
[1.413]
[1.57]
[1.57]
[1.57]
[1.57]
[1.57]
[1.57]
[1.57]
[1.57]
[1.57]
[1.57]
[1.57]
[1.57]
[1.57]
[1.57]
[1.57]
[1.57]
[1.57]
[1.57]
[1.57]
[1.57]
[1.57]
[1.57]
[1.57]
[1.57]
[1.57]
[1.57]
[1.57]
[1.57]
[1.57]
[1.57]
[1.57]
[1.57]
[1.57]
[1.57]
[1.57]
[1.57]
[1.57]
[1.57]
[1.57]
[1.57]
[1.57]
[1.57]
[1.57]
[1.57]
[1.57]
[1.57]
[1.57]
[1.57]
[1.57]
[1.57]
[1.57]
[1.57]
[1.57]
[1.57]
[1.57]
[1.57]
[1.57]
[1.57]
[1.57]
[1.57]
[1.57]
