[0.0, 5.5, -1.57]
[0.0, 5.4, -1.57]
[0.0, 5.3, -1.57]
[0.0, 5.2, -1.57]
[0.0, 5.1, -1.57]
[0.0, 5.0, -1.57]
[0.0, 4.9, -1.57]
[0.0, 4.8, -1.57]
[0.0, 4.7, -1.57]
[0.0, 4.6, -1.57]
[0.0, 4.5, -1.57]
[0.0, 4.4, -1.57]
[0.0, 4.3, -1.57]
[0.0, 4.2, -1.57]
[0.0, 4.1, -1.57]
[0.0, 4.0, -1.57]
[0.0, 3.9, -1.57]
[0.0, 3.8, -1.57]
[0.0, 3.7, -1.57]
[0.0, 3.6, -1.57]
[0.0, 3.5, -1.57]
[0.0, 3.4, -1.57]
[0.0, 3.3, -1.57]
[0.0, 3.2, -1.57]
[0.0, 3.1, -1.57]
[0.0, 3.0, -1.57]
[0.0, 2.9, -1.57]
[0.0, 2.8, -1.57]
[0.0, 2.7, -1.57]
[0.0, 2.6, -1.57]
[0.0, 2.5, -1.57]
[0.0, 2.4, -1.57]
[0.0, 2.3, -1.57]
[0.0, 2.2, -1.57]
[0.0, 2.1, -1.57]
[0.0, 2.0, -1.57]
[0.0, 1.9, -1.57]
[0.0, 1.8, -1.57]
[0.0, 1.7, -1.57]
[0.0, 1.6, -1.57]
[0.0, 1.5, -1.57]
[0.0, 1.4, -1.57]
[0.0, 1.3, -1.57]
[0.0, 1.2, -1.57]
[0.0, 1.1, -1.57]
[0.0, 1.0, -1.57]
[0.0, 0.9, -1.57]
[0.0, 0.8, -1.57]
[0.0, 0.7, -1.57]
[0.0, 0.6, -1.57]
[0.0, 0.5, -1.57]
[0.0, 0.4, -1.57]
[0.0, 0.3, -1.57]
[0.0, 0.2, -1.57]
[0.0, 0.1, -1.57]
[0.0, 0.0, -1.57]
[0.0, -0.1, -1.57]
[0.0, -0.2, -1.57]
[0.0, -0.3, -1.57]
[0.0, -0.4, -1.57]
[0.0, -0.5, -1.57]
[0.0, -0.5, 0.0]
[0.1, -0.5, 0.0]
[0.2, -0.5, 0.0]
[0.3, -0.5, 0.0]
[0.4, -0.5, 0.0]
[0.5, -0.5, 0.0]
[0.6, -0.5, 0.0]
[0.7, -0.5, 0.0]
[0.8, -0.5, 0.0]
[0.9, -0.5, 0.0]
[1.0, -0.5, 0.0]
[1.1, -0.5, 0.0]
[1.2, -0.5, 0.0]
[1.3, -0.5, 0.0]
[1.4, -0.5, 0.0]
[1.5, -0.5, 0.0]
[1.6, -0.5, 0.0]
[1.7, -0.5, 0.0]
[1.8, -0.5, 0.0]
[1.9, -0.5, 0.0]
[2.0, -0.5, 0.0]
[2.1, -0.5, 0.0]
[2.2, -0.5, 0.0]
[2.3, -0.5, 0.0]
[2.4, -0.5, 0.0]
[2.5, -0.5, 0.0]
[2.6, -0.5, 0.0]
[2.7, -0.5, 0.0]
[2.8, -0.5, 0.0]
[2.9, -0.5, 0.0]
[3.0, -0.5, 0.0]
[3.1, -0.5, 0.0]
[3.2, -0.5, 0.0]
[3.3, -0.5, 0.0]
[3.4, -0.5, 0.0]
[3.5, -0.5, 0.0]
[3.6, -0.5, 0.0]
[3.7, -0.5, 0.0]
[3.8, -0.5, 0.0]
[3.9, -0.5, 0.0]
[4.0, -0.5, 0.0]
[4.1, -0.5, 0.0]
[4.2, -0.5, 0.0]
[4.3, -0.5, 0.0]
[4.4, -0.5, 0.0]
[4.5, -0.5, 0.0]
[4.6, -0.5, 0.0]
[4.7, -0.5, 0.0]
[4.8, -0.5, 0.0]
[4.9, -0.5, 0.0]
[5.0, -0.5, 0.0]
[5.1, -0.5, 0.0]
[5.2, -0.5, 0.0]
[5.3, -0.5, 0.0]
[5.4, -0.5, 0.0]
[5.5, -0.5, 0.0]
[5.6, -0.5, 0.0]
[5.7, -0.5, 0.0]
[5.8, -0.5, 0.0]
[5.9, -0.5, 0.0]
[6.0, -0.5, 0.0]
[6.1, -0.5, 0.0]
[6.2, -0.5, 0.0]
[6.3, -0.5, 0.0]
[6.4, -0.5, 0.0]
[6.5, -0.5, 0.0]
[6.6, -0.5, 0.0]
[6.7, -0.5, 0.0]
[6.8, -0.5, 0.0]
[6.9, -0.5, 0.0]
[7.0, -0.5, 0.0]
[7.1, -0.5, 0.0]
[7.2, -0.5, 0.0]
[7.3, -0.5, 0.0]
[7.4, -0.5, 0.0]
[7.5, -0.5, 0.0]
[7.6, -0.5, 0.0]
[7.7, -0.5, 0.0]
[7.8, -0.5, 0.0]
[7.9, -0.5, 0.0]
[8.0, -0.5, 0.0]
[8.1, -0.5, 0.0]
[8.2, -0.5, 0.0]
[8.3, -0.5, 0.0]
[8.4, -0.5, 0.0]
[8.5, -0.5, 0.0]
[8.6, -0.5, 0.0]
[8.7, -0.5, 0.0]
[8.8, -0.5, 0.0]
[8.9, -0.5, 0.0]
[9.0, -0.5, 0.0]
[9.1, -0.5, 0.0]
[9.2, -0.5, 0.0]
[9.3, -0.5, 0.0]
[9.4, -0.5, 0.0]
[9.5, -0.5, 0.0]
[9.6, -0.5, 0.0]
[9.7, -0.5, 0.0]
[9.8, -0.5, 0.0]
[9.9, -0.5, 0.0]
[10.0, -0.5, 0.0]
[10.0, -0.5, 1.57]
[10.0, -0.4, 1.57]
[10.0, -0.3, 1.57]
[10.0, -0.2, 1.57]
[10.0, -0.1, 1.57]
[10.0, 0.0, 1.57]
[10.0, 0.1, 1.57]
[10.0, 0.2, 1.57]
[10.0, 0.3, 1.57]
[10.0, 0.4, 1.57]
[10.0, 0.5, 1.57]
[10.0, 0.6, 1.57]
[10.0, 0.7, 1.57]
[10.0, 0.8, 1.57]
[10.0, 0.9, 1.57]
[10.0, 1.0, 1.57]
[10.0, 1.1, 1.57]
[10.0, 1.2, 1.57]
[10.0, 1.3, 1.57]
[10.0, 1.4, 1.57]
[10.0, 1.5, 1.57]
[10.0, 1.6, 1.57]
[10.0, 1.7, 1.57]
[10.0, 1.8, 1.57]
[10.0, 1.9, 1.57]
[10.0, 2.0, 1.57]
[10.0, 2.1, 1.57]
[10.0, 2.2, 1.57]
[10.0, 2.3, 1.57]
[10.0, 2.4, 1.57]
[10.0, 2.5, 1.57]
[10.0, 2.5, 2.36]
[9.9, 2.55, 2.36]
[9.8, 2.6, 2.36]
[9.7, 2.65, 2.36]
[9.6, 2.7, 2.36]
[9.5, 2.75, 2.36]
[9.4, 2.8, 2.36]
[9.3, 2.85, 2.36]
[9.2, 2.9, 2.36]
[9.1, 2.95, 2.36]
[9.0, 3.0, 2.36]
[8.9, 3.05, 2.36]
[8.8, 3.1, 2.36]
[8.7, 3.15, 2.36]
[8.6, 3.2, 2.36]
[8.5, 3.25, 2.36]
[8.4, 3.3, 2.36]
[8.3, 3.35, 2.36]
[8.2, 3.4, 2.36]
[8.1, 3.45, 2.36]
[8.0, 3.5, 2.36]
[7.9, 3.55, 2.36]
[7.8, 3.6, 2.36]
[7.7, 3.65, 2.36]
[7.6, 3.7, 2.36]
[7.5, 3.75, 2.36]
[7.4, 3.8, 2.36]
[7.3, 3.85, 2.36]
[7.2, 3.9, 2.36]
[7.1, 3.95, 2.36]
[7.0, 4.0, 2.36]
[7.0, 4.0, 0.79]
[7.2, 4.1, 0.79]
[7.4, 4.2, 0.79]
[7.6, 4.3, 0.79]
[7.8, 4.4, 0.79]
[8.0, 4.5, 0.79]
[8.2, 4.6, 0.79]
[8.4, 4.7, 0.79]
[8.6, 4.8, 0.79]
[8.8, 4.9, 0.79]
[9.0, 5.0, 0.79]
[9.2, 5.1, 0.79]
[9.4, 5.2, 0.79]
[9.6, 5.3, 0.79]
[9.8, 5.4, 0.79]
[10.0, 5.5, 0.79]
[10.0, 5.5, 1.57]
[10.0, 5.6, 1.57]
[10.0, 5.7, 1.57]
[10.0, 5.8, 1.57]
[10.0, 5.9, 1.57]
[10.0, 6.0, 1.57]
[10.0, 6.1, 1.57]
[10.0, 6.2, 1.57]
[10.0, 6.3, 1.57]
[10.0, 6.4, 1.57]
[10.0, 6.5, 1.57]
[10.0, 6.6, 1.57]
[10.0, 6.7, 1.57]
[10.0, 6.8, 1.57]
[10.0, 6.9, 1.57]
[10.0, 7.0, 1.57]
[10.0, 7.1, 1.57]
[10.0, 7.2, 1.57]
[10.0, 7.3, 1.57]
[10.0, 7.4, 1.57]
[10.0, 7.5, 1.57]
[10.0, 7.6, 1.57]
[10.0, 7.7, 1.57]
[10.0, 7.8, 1.57]
[10.0, 7.9, 1.57]
[10.0, 8.0, 1.57]
[10.0, 8.1, 1.57]
[10.0, 8.2, 1.57]
[10.0, 8.3, 1.57]
[10.0, 8.4, 1.57]
[10.0, 8.5, 1.57]
[10.0, 8.6, 1.57]
[10.0, 8.7, 1.57]
[10.0, 8.8, 1.57]
[10.0, 8.9, 1.57]
[10.0, 9.0, 1.57]
[10.0, 9.1, 1.57]
[10.0, 9.2, 1.57]
[10.0, 9.3, 1.57]
[10.0, 9.4, 1.57]
[10.0, 9.5, 1.57]
[10.0, 9.6, 1.57]
[10.0, 9.7, 1.57]
[10.0, 9.8, 1.57]
[10.0, 9.9, 1.57]
[10.0, 10.0, 1.57]
[10.0, 10.1, 1.57]
[10.0, 10.2, 1.57]
[10.0, 10.3, 1.57]
[10.0, 10.4, 1.57]
[10.0, 10.5, 1.57]
[10.0, 10.6, 1.57]
[10.0, 10.7, 1.57]
[10.0, 10.8, 1.57]
[10.0, 10.9, 1.57]
[10.0, 11.0, 1.57]
[10.0, 11.1, 1.57]
[10.0, 11.2, 1.57]
[10.0, 11.3, 1.57]
[10.0, 11.4, 1.57]
[10.0, 11.5, 1.57]
[10.0, 11.6, 1.57]
[10.0, 11.7, 1.57]
[10.0, 11.8, 1.57]
[10.0, 11.9, 1.57]
[10.0, 12.0, 1.57]
[10.0, 12.0, 0.0]
[10.1, 12.0, 0.0]
[10.2, 12.0, 0.0]
[10.3, 12.0, 0.0]
[10.4, 12.0, 0.0]
[10.5, 12.0, 0.0]
[10.6, 12.0, 0.0]
[10.7, 12.0, 0.0]
[10.8, 12.0, 0.0]
[10.9, 12.0, 0.0]
[11.0, 12.0, 0.0]
[11.1, 12.0, 0.0]
[11.2, 12.0, 0.0]
[11.3, 12.0, 0.0]
[11.4, 12.0, 0.0]
[11.5, 12.0, 0.0]
[11.6, 12.0, 0.0]
[11.7, 12.0, 0.0]
[11.8, 12.0, 0.0]
[11.9, 12.0, 0.0]
[12.0, 12.0, 0.0]
[12.1, 12.0, 0.0]
[12.2, 12.0, 0.0]
[12.3, 12.0, 0.0]
[12.4, 12.0, 0.0]
[12.5, 12.0, 0.0]
[12.6, 12.0, 0.0]
[12.7, 12.0, 0.0]
[12.8, 12.0, 0.0]
[12.9, 12.0, 0.0]
[13.0, 12.0, 0.0]
[13.1, 12.0, 0.0]
[13.2, 12.0, 0.0]
[13.3, 12.0, 0.0]
[13.4, 12.0, 0.0]
[13.5, 12.0, 0.0]
[13.6, 12.0, 0.0]
[13.7, 12.0, 0.0]
[13.8, 12.0, 0.0]
[13.9, 12.0, 0.0]
[14.0, 12.0, 0.0]
[14.1, 12.0, 0.0]
[14.2, 12.0, 0.0]
[14.3, 12.0, 0.0]
[14.4, 12.0, 0.0]
[14.5, 12.0, 0.0]
[14.6, 12.0, 0.0]
[14.7, 12.0, 0.0]
[14.8, 12.0, 0.0]
[14.9, 12.0, 0.0]
[15.0, 12.0, 0.0]
[15.1, 12.0, 0.0]
[15.2, 12.0, 0.0]
[15.3, 12.0, 0.0]
[15.4, 12.0, 0.0]
[15.5, 12.0, 0.0]
[15.6, 12.0, 0.0]
[15.7, 12.0, 0.0]
[15.8, 12.0, 0.0]
[15.9, 12.0, 0.0]
[16.0, 12.0, 0.0]
[16.1, 12.0, 0.0]
[16.2, 12.0, 0.0]
[16.3, 12.0, 0.0]
[16.4, 12.0, 0.0]
[16.5, 12.0, 0.0]
[16.6, 12.0, 0.0]
[16.7, 12.0, 0.0]
[16.8, 12.0, 0.0]
[16.9, 12.0, 0.0]
[17.0, 12.0, 0.0]
[17.1, 12.0, 0.0]
[17.2, 12.0, 0.0]
[17.3, 12.0, 0.0]
[17.4, 12.0, 0.0]
[17.5, 12.0, 0.0]
[17.6, 12.0, 0.0]
[17.7, 12.0, 0.0]
[17.8, 12.0, 0.0]
[17.9, 12.0, 0.0]
[18.0, 12.0, 0.0]
[18.1, 12.0, 0.0]
[18.2, 12.0, 0.0]
[18.3, 12.0, 0.0]
[18.4, 12.0, 0.0]
[18.5, 12.0, 0.0]
[18.6, 12.0, 0.0]
[18.7, 12.0, 0.0]
[18.8, 12.0, 0.0]
[18.9, 12.0, 0.0]
[19.0, 12.0, 0.0]
[19.1, 12.0, 0.0]
[19.2, 12.0, 0.0]
[19.3, 12.0, 0.0]
[19.4, 12.0, 0.0]
[19.5, 12.0, 0.0]
[19.6, 12.0, 0.0]
[19.7, 12.0, 0.0]
[19.8, 12.0, 0.0]
[19.9, 12.0, 0.0]
[20.0, 12.0, 0.0]
[20.1, 12.0, 0.0]
[20.2, 12.0, 0.0]
[20.3, 12.0, 0.0]
[20.4, 12.0, 0.0]
[20.5, 12.0, 0.0]
[20.6, 12.0, 0.0]
[20.7, 12.0, 0.0]
[20.8, 12.0, 0.0]
[20.9, 12.0, 0.0]
[21.0, 12.0, 0.0]
[21.0, 12.0, -1.57]
[21.0, 11.9, -1.57]
[21.0, 11.8, -1.57]
[21.0, 11.7, -1.57]
[21.0, 11.6, -1.57]
[21.0, 11.5, -1.57]
[21.0, 11.4, -1.57]
[21.0, 11.3, -1.57]
[21.0, 11.2, -1.57]
[21.0, 11.1, -1.57]
[21.0, 11.0, -1.57]
[21.0, 10.9, -1.57]
[21.0, 10.8, -1.57]
[21.0, 10.7, -1.57]
[21.0, 10.6, -1.57]
[21.0, 10.5, -1.57]
[21.0, 10.4, -1.57]
[21.0, 10.3, -1.57]
[21.0, 10.2, -1.57]
[21.0, 10.1, -1.57]
[21.0, 10.0, -1.57]
[21.0, 9.9, -1.57]
[21.0, 9.8, -1.57]
[21.0, 9.7, -1.57]
[21.0, 9.6, -1.57]
[21.0, 9.5, -1.57]
[21.0, 9.4, -1.57]
[21.0, 9.3, -1.57]
[21.0, 9.2, -1.57]
[21.0, 9.1, -1.57]
[21.0, 9.0, -1.57]
[21.0, 8.9, -1.57]
[21.0, 8.8, -1.57]
[21.0, 8.7, -1.57]
[21.0, 8.6, -1.57]
[21.0, 8.5, -1.57]
[21.0, 8.4, -1.57]
[21.0, 8.3, -1.57]
[21.0, 8.2, -1.57]
[21.0, 8.1, -1.57]
[21.0, 8.0, -1.57]
[21.0, 8.0, -2.36]
[20.96, 7.9, -2.36]
[20.92, 7.8, -2.36]
[20.88, 7.7, -2.36]
[20.84, 7.6, -2.36]
[20.8, 7.5, -2.36]
[20.76, 7.4, -2.36]
[20.72, 7.3, -2.36]
[20.68, 7.2, -2.36]
[20.64, 7.1, -2.36]
[20.6, 7.0, -2.36]
[20.56, 6.9, -2.36]
[20.52, 6.8, -2.36]
[20.48, 6.7, -2.36]
[20.44, 6.6, -2.36]
[20.4, 6.5, -2.36]
[20.36, 6.4, -2.36]
[20.32, 6.3, -2.36]
[20.28, 6.2, -2.36]
[20.24, 6.1, -2.36]
[20.2, 6.0, -2.36]
[20.16, 5.9, -2.36]
[20.12, 5.8, -2.36]
[20.08, 5.7, -2.36]
[20.04, 5.6, -2.36]
[20.0, 5.5, -2.36]
[19.96, 5.4, -2.36]
[19.92, 5.3, -2.36]
[19.88, 5.2, -2.36]
[19.84, 5.1, -2.36]
[19.8, 5.0, -2.36]
[19.76, 4.9, -2.36]
[19.72, 4.8, -2.36]
[19.68, 4.7, -2.36]
[19.64, 4.6, -2.36]
[19.6, 4.5, -2.36]
[19.56, 4.4, -2.36]
[19.52, 4.3, -2.36]
[19.48, 4.2, -2.36]
[19.44, 4.1, -2.36]
[19.4, 4.0, -2.36]
[19.36, 3.9, -2.36]
[19.32, 3.8, -2.36]
[19.28, 3.7, -2.36]
[19.24, 3.6, -2.36]
[19.2, 3.5, -2.36]
[19.16, 3.4, -2.36]
[19.12, 3.3, -2.36]
[19.08, 3.2, -2.36]
[19.04, 3.1, -2.36]
[19.0, 3.0, -2.36]
[19.0, 3.0, -1.57]
[19.0, 2.9, -1.57]
[19.0, 2.8, -1.57]
[19.0, 2.7, -1.57]
[19.0, 2.6, -1.57]
[19.0, 2.5, -1.57]
[19.0, 2.4, -1.57]
[19.0, 2.3, -1.57]
[19.0, 2.2, -1.57]
[19.0, 2.1, -1.57]
[19.0, 2.0, -1.57]
[19.0, 1.9, -1.57]
[19.0, 1.8, -1.57]
[19.0, 1.7, -1.57]
[19.0, 1.6, -1.57]
[19.0, 1.5, -1.57]
[19.0, 1.4, -1.57]
[19.0, 1.3, -1.57]
[19.0, 1.2, -1.57]
[19.0, 1.1, -1.57]
[19.0, 1.0, -1.57]
[19.0, 0.9, -1.57]
[19.0, 0.8, -1.57]
[19.0, 0.7, -1.57]
[19.0, 0.6, -1.57]
[19.0, 0.5, -1.57]
[19.0, 0.4, -1.57]
[19.0, 0.3, -1.57]
[19.0, 0.2, -1.57]
[19.0, 0.1, -1.57]
[19.0, 0.0, -1.57]
[19.0, -0.1, -1.57]
[19.0, -0.2, -1.57]
[19.0, -0.3, -1.57]
[19.0, -0.4, -1.57]
[19.0, -0.5, -1.57]
[19.0, -0.5, 0.0]
[19.1, -0.5, 0.0]
[19.2, -0.5, 0.0]
[19.3, -0.5, 0.0]
[19.4, -0.5, 0.0]
[19.5, -0.5, 0.0]
[19.6, -0.5, 0.0]
[19.7, -0.5, 0.0]
[19.8, -0.5, 0.0]
[19.9, -0.5, 0.0]
[20.0, -0.5, 0.0]
[20.1, -0.5, 0.0]
[20.2, -0.5, 0.0]
[20.3, -0.5, 0.0]
[20.4, -0.5, 0.0]
[20.5, -0.5, 0.0]
[20.6, -0.5, 0.0]
[20.7, -0.5, 0.0]
[20.8, -0.5, 0.0]
[20.9, -0.5, 0.0]
[21.0, -0.5, 0.0]
[21.1, -0.5, 0.0]
[21.2, -0.5, 0.0]
[21.3, -0.5, 0.0]
[21.4, -0.5, 0.0]
[21.5, -0.5, 0.0]
[21.6, -0.5, 0.0]
[21.7, -0.5, 0.0]
[21.8, -0.5, 0.0]
[21.9, -0.5, 0.0]
[22.0, -0.5, 0.0]
[22.1, -0.5, 0.0]
[22.2, -0.5, 0.0]
[22.3, -0.5, 0.0]
[22.4, -0.5, 0.0]
[22.5, -0.5, 0.0]
[22.6, -0.5, 0.0]
[22.7, -0.5, 0.0]
[22.8, -0.5, 0.0]
[22.9, -0.5, 0.0]
[23.0, -0.5, 0.0]
[23.1, -0.5, 0.0]
[23.2, -0.5, 0.0]
[23.3, -0.5, 0.0]
[23.4, -0.5, 0.0]
[23.5, -0.5, 0.0]
[23.6, -0.5, 0.0]
[23.7, -0.5, 0.0]
[23.8, -0.5, 0.0]
[23.9, -0.5, 0.0]
[24.0, -0.5, 0.0]
[24.1, -0.5, 0.0]
[24.2, -0.5, 0.0]
[24.3, -0.5, 0.0]
[24.4, -0.5, 0.0]
[24.5, -0.5, 0.0]
[24.6, -0.5, 0.0]
[24.7, -0.5, 0.0]
[24.8, -0.5, 0.0]
[24.9, -0.5, 0.0]
[25.0, -0.5, 0.0]
[25.1, -0.5, 0.0]
[25.2, -0.5, 0.0]
[25.3, -0.5, 0.0]
[25.4, -0.5, 0.0]
[25.5, -0.5, 0.0]
[25.6, -0.5, 0.0]
[25.7, -0.5, 0.0]
[25.8, -0.5, 0.0]
[25.9, -0.5, 0.0]
[26.0, -0.5, 0.0]
[26.1, -0.5, 0.0]
[26.2, -0.5, 0.0]
[26.3, -0.5, 0.0]
[26.4, -0.5, 0.0]
[26.5, -0.5, 0.0]
[26.6, -0.5, 0.0]
[26.7, -0.5, 0.0]
[26.8, -0.5, 0.0]
[26.9, -0.5, 0.0]
[27.0, -0.5, 0.0]
[27.1, -0.5, 0.0]
[27.2, -0.5, 0.0]
[27.3, -0.5, 0.0]
[27.4, -0.5, 0.0]
[27.5, -0.5, 0.0]
[27.6, -0.5, 0.0]
[27.7, -0.5, 0.0]
[27.8, -0.5, 0.0]
[27.9, -0.5, 0.0]
[28.0, -0.5, 0.0]
[28.1, -0.5, 0.0]
[28.2, -0.5, 0.0]
[28.3, -0.5, 0.0]
[28.4, -0.5, 0.0]
[28.5, -0.5, 0.0]
[28.6, -0.5, 0.0]
[28.7, -0.5, 0.0]
[28.8, -0.5, 0.0]
[28.9, -0.5, 0.0]
[29.0, -0.5, 0.0]
[29.1, -0.5, 0.0]
[29.2, -0.5, 0.0]
[29.3, -0.5, 0.0]
[29.4, -0.5, 0.0]
[29.5, -0.5, 0.0]
[29.6, -0.5, 0.0]
[29.7, -0.5, 0.0]
[29.8, -0.5, 0.0]
[29.9, -0.5, 0.0]
[30.0, -0.5, 0.0]
[30.1, -0.5, 0.0]
[30.2, -0.5, 0.0]
[30.3, -0.5, 0.0]
[30.4, -0.5, 0.0]
[30.5, -0.5, 0.0]
[30.6, -0.5, 0.0]
[30.7, -0.5, 0.0]
[30.8, -0.5, 0.0]
[30.9, -0.5, 0.0]
[31.0, -0.5, 0.0]
[31.0, -0.5, 1.57]
[31.0, -0.4, 1.57]
[31.0, -0.3, 1.57]
[31.0, -0.2, 1.57]
[31.0, -0.1, 1.57]
[31.0, 0.0, 1.57]
[31.0, 0.1, 1.57]
[31.0, 0.2, 1.57]
[31.0, 0.3, 1.57]
[31.0, 0.4, 1.57]
[31.0, 0.5, 1.57]
[31.0, 0.6, 1.57]
[31.0, 0.7, 1.57]
[31.0, 0.8, 1.57]
[31.0, 0.9, 1.57]
[31.0, 1.0, 1.57]
[31.0, 1.1, 1.57]
[31.0, 1.2, 1.57]
[31.0, 1.3, 1.57]
[31.0, 1.4, 1.57]
[31.0, 1.5, 1.57]
[31.0, 1.6, 1.57]
[31.0, 1.7, 1.57]
[31.0, 1.8, 1.57]
[31.0, 1.9, 1.57]
[31.0, 2.0, 1.57]
[31.0, 2.1, 1.57]
[31.0, 2.2, 1.57]
[31.0, 2.3, 1.57]
[31.0, 2.4, 1.57]
[31.0, 2.5, 1.57]
[31.0, 2.6, 1.57]
[31.0, 2.7, 1.57]
[31.0, 2.8, 1.57]
[31.0, 2.9, 1.57]
[31.0, 3.0, 1.57]
[31.0, 3.1, 1.57]
[31.0, 3.2, 1.57]
[31.0, 3.3, 1.57]
[31.0, 3.4, 1.57]
[31.0, 3.5, 1.57]
[31.0, 3.6, 1.57]
[31.0, 3.7, 1.57]
[31.0, 3.8, 1.57]
[31.0, 3.9, 1.57]
[31.0, 4.0, 1.57]
[31.0, 4.1, 1.57]
[31.0, 4.2, 1.57]
[31.0, 4.3, 1.57]
[31.0, 4.4, 1.57]
[31.0, 4.5, 1.57]
[31.0, 4.6, 1.57]
[31.0, 4.7, 1.57]
[31.0, 4.8, 1.57]
[31.0, 4.9, 1.57]
[31.0, 5.0, 1.57]
[31.0, 5.1, 1.57]
[31.0, 5.2, 1.57]
[31.0, 5.3, 1.57]
[31.0, 5.4, 1.57]
[31.0, 5.5, 1.57]
